10011000010000000000000001100100
01110001110000100000000000000000
10011010000000000000000000000101
00110001000000000000000000000000
10011010000000000000000000001010
00110001000000000000000000000000
10011010000000000000000000000101
00110001000000000000000000000000
10011010000000000000000000001010
00110001000000000000000000000000
00110101001000000000000000000000
00110101010000000000000000000000
10000010010101000000000000000000
00110101010000000000000000000000
00110101011000000000000000000000
10011010000000000000000000101000
10010010000000000000000000000000
10011011010000000000000000001111
10011011100000000000000000001110
10011011110000000000000000011001
00011011010111000000000000000000
00100000110111100000000000000000
10011100000000000000000000100011
00000000000000000000000000000000
00000000000000000000000000000000
10011000000000000000000000110011
00111000000000000000000000000000
00001000100000000000000000000000
00000000000000000000000000000000
00000000000000000000000000000000
00000000000000000000000000000000
00000000000000000000000000000000
00000000000000000000000000000000
00000000000000000000000000000000
00000000000000000000000000000000
00000000000000000000000000000000
00000000000000000000000000000000
00000000000000000000000000000000
00000000000000000000000000000000
00000000000000000000000000000000
00110101100000000000000000000000
01110100000110000000000000000000
00000000000000000000000000000000
