00000   000000000000000000000000000
00001   000000000000000000000000000
00010   000000000000000000000000000
00011   000000000000000000000000000
00100   000000000000000000000000000
00101   000000000000000000000000000
00110   000000000000000000000000000
00111   000000000000000000000000000
01000   000000000000000000000000000
01001   000000000000000000000000000
01010   000000000000000000000000000
01011   000000000000000000000000000
01100   000000000000000000000000000
01101   000000000000000000000000000